2013
2009
2003
2006
2008
2001
2007
2007
2009
2002
2004
2005
2007
2009
2002
2001
2003
2005
2009
2002
2007
2004
2008
2004
2006
2005
2003
2009
2007
2009
2009
2006
2003
2002
2008
2004
2008
2007
2004
2008
2008
2006
2005
2008
2007
2008
2006
2005
2000
2004
2005
2019
2015
2018
2015
2019
2012
2015
2019
2015
2018
2011
2017
2018
2013
2017
2018
2017
2013
2015
2016
2018
2019
2019
2011
2012
2014
2012
2019
2019
2010
2019
2016
2019
2011
2017
2016
2010
2016
2012
2013
2016
2017
2010
2013
2014
2018
2015
2017
2012
2016
